7.4.5
  CSS:
  585, 12993
  60, 1334
  214, 4010
  184, 3455
  86, 1429
  78, 1743
  197, 3698
  446, 9920
  41, 833
  89, 1603
  149, 3088
  TOTAL: 2,129‬ - 44,100

  JAVASCRIPT:
  47, 1542
  52, 1459
  165, 6030
  505, 20123
  58, 1980
  99, 4167
  207, 6638
  163, 5578
  8, 344
  45, 1339
  155, 5578
  50, 2128
  12, 390
  16, 496
  TOTAL: 1,582 - 57,792

  HTML:
  194, 8497
  180, 7643
  105, 5018
  147, 6380
  151, 7316
  68, 3456
  215, 8704
  TOTAL: 1,060 - 47,014

  GRAND TOTAL: 4,771 Lines - 148,906 Characters

  https://pastebin.com/ywFb0N6h
